1 -1.71365 0.61
2 -1.80412 0.61
3 -1.4105 0.61
4 -1.09503 0.61
5 -0.677846 0.61
6 -0.584933 0.61
7 -0.511726 0.61
8 -0.45264 0.61
9 -0.408198 0.61
10 -0.365108 0.61
11 -0.325265 0.61
12 -0.292541 0.61
13 -0.275992 0.61
14 -0.266827 0.61
15 -0.265627 0.61
16 -0.253028 0.61
17 -0.245959 0.61
18 -0.244911 0.61
19 -0.236871 0.61
20 -0.232631 0.61
21 -0.230226 0.61
22 -0.227728 0.61
23 -0.223895 0.61
24 -0.22088 0.61
25 -0.221235 0.61
26 -0.216148 0.61
27 -0.214742 0.61
28 -0.212255 0.61
29 -0.209792 0.61
30 -0.20609 0.61
31 -0.202473 0.61
32 -0.198121 0.61
33 -0.193643 0.61
34 -0.188306 0.61
35 -0.182991 0.61
36 -0.176162 0.61
37 -0.170889 0.61
38 -0.15836 0.61
39 -0.15836 0.61
40 -0.15836 0.61
41 -0.15836 0.61
42 -0.15836 0.61
43 -0.158361 0.61
