1 2.74172 0 1
2 2.92726 0 1
3 2.99788 0 1
4 2.93323 0 1
5 2.92976 0 1
6 2.93069 0 1
7 2.93009 0 1
8 2.92958 0 1
9 2.92952 0 1
10 2.93096 0 1
11 2.9899 0 1
12 2.99386 0 1
13 2.99418 0 1
14 2.993 0 1
15 2.99067 0 1
16 2.99316 0 1
17 2.99312 0 1
18 2.99333 0 1
19 2.99339 0 1
20 2.99183 0 1
21 2.9921 0 1
22 2.99682 0 1
23 2.99131 0 1
24 2.99289 0 1
25 2.99247 0 1
26 2.99432 0 1
27 2.9935 0 1
28 2.99634 0 1
29 2.99266 0 1
30 2.99209 0 1
31 3 0 1
32 2.99254 0 1
33 2.99222 0 1
34 2.98383 0 1
35 2.99664 0 1
36 2.99188 0 1
37 2.98889 0 1
38 2.99157 0 1
39 2.99157 0 1
40 2.99157 0 1
41 2.99157 0 1
42 2.99157 0 1
43 2.99181 0 1
